0 0 3 3
1 0
 1
 0
 1
2 3 111
7 7 111
22 -1 -1
8 1 111
3 3 111
22 -1 -1
3 0 111
6 4 111
11 4 111
7 11 111
22 -1 -1
9 1 111
11 5 111
6 11 111
22 -1 -1
6 1 111
4 6 111
1 9 111
11 9 111
8 11 111
22 -1 -1
9 0 111
3 4 111
5 5 111
1 8 111
9 11 111
22 -1 -1
22 -1 -1
22 -1 -1
0 0 0 0 0 0
0 0 0 0 0 0
0 0 0 0 0 0
0 0 0 0 0 0
0 0 0 0 0 0
0 0 0 0 0 0
0 0 0 0 0 0
0 0 0 0 0 0
0 0 0 0 0 0
0 0 0 0 0 0
0 0 0 0 0 0
0 0 0 0 0 0
0 0 0 0 0 0
0 0 0 0 0 0
0 0 0 0 0 0
0 0 0 0 0 0
10 9 1 2 1 0 142 0 0 142 3356 3356 652
0 0 360 40
0 0 360 40
0 0 360 40
